% Torque converter map for Corvette
% Modified from the original data with spline function

SR = [0
0.170448021
0.340825176
0.51573481
0.666286486
0.781511623
0.872045118
0.902752912
0.908174062
0.920988929
0.930782294
0.939320719
0.946207786
0.952435809
0.958207452
0.96242758
0.965981758
0.969052058
0.971383572
0.973408389
0.975192666
0.976709944
0.97780872
0.978801227
0.979684317
0.980555618
0.982244766
0.983797085
0.985085452
0.98597551
0.986728609
0.9870
    0.9880
    0.9890
    0.9900
    0.9910
    0.9920
    0.9930
    0.9940
    0.9950
    0.9960
    0.9970
    0.9980
    0.9990
    1.0000
    1.0010
    1.0020
    1.0030
    1.0040
    1.0050
    1.0060
    1.0070
    1.0080
    1.0090
    1.0100
    1.0110
    1.0120
    1.0130
    1.0140
    1.0150
    1.0160
    1.0170
    1.0180
    1.0190
    1.0200
    1.0210
    1.0220
1.0240734
1.02764882
1.031923675
1.037575572
1.043632716
1.051514901
1.063128302
1.079495106
1.087962429
1.095547735
1.104351065
1.114472633
1.128134333
1.145531873
1.163153621
1.184233267
1.207006602
1.235088033
1.26646979
1.302469228
1.346047269
1.394532765
1.453846754
1.520517461
1.602638216
1.694303125
1.957849439
2.399496564
3.111858705
4.5792667
9.010703466
9.123085036];

TR = [1.865514588
1.74171284
1.608389175
1.439461088
1.278699112
1.147921193
1.037432814
1
1
1
1
1
1
1
1
1
1
1
1
1
1
1
1
1
1
1
1
1
1
1
1
1
1
1
1
1
1
1
1
1
1
1
1
1
1
1
1
1
1
1
1
1
1
1
1
1
1
1
1
1
1
1
1
1
1
1
1
1
1
1
1
1
1
1
1
1
1
1
1
1
1
1
1
1
1
1
1
1
1
1
1
1
1
1
1
1
1
1
1];



K_factor = [101.3441259
100.8379611
99.85103304
99.33359885
102.8228848
109.7970814
118.1471068
122.0326073
122.7394281
130.6573189
138.3664567
146.4358089
154.3211298
162.2014835
170.4289766
178.5110522
186.6062501
195.1352759
203.2916515
211.9272986
220.181302
228.9598695
237.3342678
245.7788353
254.4287802
262.9360314
279.9851223
297.1356645
314.1439711
331.5284387
348.7265683
357.9148
  383.5122
  399.1424
  410.6833
  419.0106
  425.0000
  429.4173
  432.5888
  434.7306
  436.0591
  436.7906
  437.1381
  437.2431
  437.1750
  437.0000
  436.7743
  436.5126
  436.2197
  435.9000
  435.5510
  435.1414
  434.6324
  433.9855
  433.1621
  432.1236
  430.8314
  429.2470
  427.3316
  425.0468
  422.3539
  419.2144
  415.5896
  411.4409
  406.7297
  401.4175
  395.5031
382.8833931
365.594646
347.7990334
330.0697179
313.0975012
295.8134348
277.9945586
260.4817206
251.3073339
242.368492
233.4811906
224.9293509
216.5519877
207.3568539
199.207052
190.1557516
181.7841189
172.8468603
163.9330499
155.5924647
146.6742116
138.2809324
129.414552
120.9146214
112.1646788
103.5842776
86.14383705
68.86754874
51.40471393
34.18768304
17.01343274
16.94194497];