% Tire model
% Michelline 225/60 r16
is=[0
    0.0056
    0.0112
    0.0169
    0.0225
    0.0281
    0.0337
    0.0393
    0.0449
    0.0506
    0.0562
    0.0618
    0.0674
    0.0730
    0.0787
    0.0843
    0.0899
    0.0955
    0.1011
    0.1067
    0.1124
    0.1180
    0.1236
    0.1292
    0.1348
    0.1404
    0.1461
    0.1517
    0.1573
    0.1629
    0.1685
    0.1742
    0.1798
    0.1854
    0.1910
    0.1966
    0.2022
    0.2079
    0.2135
    0.2191
    0.2247
    0.2303
    0.2360
    0.2416
    0.2472
    0.2528
    0.2584
    0.2640
    0.2697
    0.2753
    0.2809
    0.2865
    0.2921
    0.2978
    0.3034
    0.3090
    0.3146
    0.3202
    0.3258
    0.3315
    0.3371
    0.3427
    0.3483
    0.3539
    0.3596
    0.3652
    0.3708
    0.3764
    0.3820
    0.3876
    0.3933
    0.3989
    0.4045
    0.4101
    0.4157
    0.4213
    0.4270
    0.4326
    0.4382
    0.4438
    0.4494
    0.4551
    0.4607
    0.4663
    0.4719
    0.4775
    0.4831
    0.4888
    0.4944
    0.5000
    0.5056
    0.5112
    0.5169
    0.5225
    0.5281
    0.5337
    0.5393
    0.5449
    0.5506
    0.5562
    0.5618
    0.5674
    0.5730
    0.5787
    0.5843
    0.5899
    0.5955
    0.6011
    0.6067
    0.6124
    0.6180
    0.6236
    0.6292
    0.6348
    0.6404
    0.6461
    0.6517
    0.6573
    0.6629
    0.6685
    0.6742
    0.6798
    0.6854
    0.6910
    0.6966
    0.7022
    0.7079
    0.7135
    0.7191
    0.7247
    0.7303
    0.7360
    0.7416
    0.7472
    0.7528
    0.7584
    0.7640
    0.7697
    0.7753
    0.7809
    0.7865
    0.7921
    0.7978
    0.8034
    0.8090
    0.8146
    0.8202
    0.8258
    0.8315
    0.8371
    0.8427
    0.8483
    0.8539
    0.8596
    0.8652
    0.8708
    0.8764
    0.8820
    0.8876
    0.8933
    0.8989
    0.9045
    0.9101
    0.9157
    0.9213
    0.9270
    0.9326
    0.9382
    0.9438
    0.9494
    0.9551
    0.9607
    0.9663
    0.9719
    0.9775
    0.9831
    0.9888
    0.9944
    1.0000];

mu=[0
    0.0978
    0.1937
    0.2858
    0.3728
    0.4536
    0.5274
    0.5940
    0.6534
    0.7058
    0.7517
    0.7917
    0.8261
    0.8558
    0.8811
    0.9027
    0.9209
    0.9363
    0.9492
    0.9600
    0.9688
    0.9761
    0.9819
    0.9865
    0.9901
    0.9928
    0.9947
    0.9959
    0.9965
    0.9966
    0.9963
    0.9955
    0.9945
    0.9932
    0.9916
    0.9899
    0.9879
    0.9859
    0.9836
    0.9813
    0.9789
    0.9764
    0.9739
    0.9713
    0.9687
    0.9660
    0.9633
    0.9606
    0.9579
    0.9552
    0.9525
    0.9498
    0.9471
    0.9444
    0.9418
    0.9391
    0.9365
    0.9339
    0.9313
    0.9288
    0.9263
    0.9238
    0.9213
    0.9189
    0.9165
    0.9141
    0.9117
    0.9094
    0.9071
    0.9048
    0.9026
    0.9004
    0.8982
    0.8961
    0.8939
    0.8919
    0.8898
    0.8878
    0.8858
    0.8838
    0.8818
    0.8799
    0.8780
    0.8761
    0.8743
    0.8725
    0.8707
    0.8689
    0.8672
    0.8654
    0.8637
    0.8621
    0.8604
    0.8588
    0.8572
    0.8556
    0.8540
    0.8525
    0.8510
    0.8495
    0.8480
    0.8465
    0.8451
    0.8437
    0.8423
    0.8409
    0.8395
    0.8382
    0.8368
    0.8355
    0.8342
    0.8329
    0.8317
    0.8304
    0.8292
    0.8280
    0.8268
    0.8256
    0.8244
    0.8232
    0.8221
    0.8210
    0.8198
    0.8187
    0.8176
    0.8166
    0.8155
    0.8145
    0.8134
    0.8124
    0.8114
    0.8104
    0.8094
    0.8084
    0.8074
    0.8065
    0.8055
    0.8046
    0.8037
    0.8027
    0.8018
    0.8009
    0.8001
    0.7992
    0.7983
    0.7975
    0.7966
    0.7958
    0.7949
    0.7941
    0.7933
    0.7925
    0.7917
    0.7909
    0.7902
    0.7894
    0.7886
    0.7879
    0.7871
    0.7864
    0.7857
    0.7849
    0.7842
    0.7835
    0.7828
    0.7821
    0.7814
    0.7807
    0.7801
    0.7794
    0.7787
    0.7781
    0.7774
    0.7768
    0.7761
    0.7755
    0.7749
    0.7743
    0.7737];